prob2 <- c("DD" = 0.03,"7" = 0.03,"BBB" = 0.06,"BB" = 0.1,"B" = 0.25,"C" = 0.01,"0" = 0.52)